<?xml version="1.0"?>
<opencv_storage>
<M1 type_id="opencv-matrix">
  <rows>3</rows>
  <cols>3</cols>
  <dt>d</dt>
  <data>
    7.0179681599036644e+02 0. 4.7834824274318100e+02 0.
    7.0149632584116409e+02 3.0707299902797138e+02 0. 0. 1.</data></M1>
<D1 type_id="opencv-matrix">
  <rows>1</rows>
  <cols>14</cols>
  <dt>d</dt>
  <data>
    -1.7287673579561810e-01 1.1638930491782296e-01
    -7.0228055034708567e-05 -4.9001534101592048e-04
    -2.4132145823114869e-02 0. 0. 0. 0. 0. 0. 0. -2.3630482182113383e-03
    2.2561235771619413e-04</data></D1>
<M2 type_id="opencv-matrix">
  <rows>3</rows>
  <cols>3</cols>
  <dt>d</dt>
  <data>
    7.0464838804690964e+02 0. 4.7738194983353446e+02 0.
    7.0468246691018135e+02 2.9546522310046350e+02 0. 0. 1.</data></M2>
<D2 type_id="opencv-matrix">
  <rows>1</rows>
  <cols>14</cols>
  <dt>d</dt>
  <data>
    -1.8057704251813059e-01 1.4339981521291661e-01
    -4.0169626541054532e-04 1.5785548096554779e-03
    -4.5538346211347169e-02 0. 0. 0. 0. 0. 0. 0. 4.9349241519022827e-03
    1.0661613542155599e-02</data></D2>
<imageSize>
  960 600</imageSize>
<R type_id="opencv-matrix">
  <rows>3</rows>
  <cols>3</cols>
  <dt>d</dt>
  <data>
    9.9999371919610935e-01 -3.5106919623986116e-03
    4.8642602511394584e-04 3.5141578936182072e-03 9.9996705019111698e-01
    -7.3177336911664399e-03 -4.6071968861685381e-04
    7.3193971077720153e-03 9.9997310672004935e-01</data></R>
<T type_id="opencv-matrix">
  <rows>3</rows>
  <cols>1</cols>
  <dt>d</dt>
  <data>
    -1.0082729498813637e+02 -6.4777208577537118e-02
    9.1641674037276899e-01</data></T>
<E type_id="opencv-matrix">
  <rows>3</rows>
  <cols>3</cols>
  <dt>d</dt>
  <data>
    -3.1905889866595213e-03 -9.1686067472942845e-01
    -5.8069372849757682e-02 8.6995786458792679e-01
    7.3477775443600690e-01 1.0082502918041796e+02
    -2.8954623285013747e-01 -1.0082420016086182e+02
    7.3785880284394900e-01</data></E>
<F type_id="opencv-matrix">
  <rows>3</rows>
  <cols>3</cols>
  <dt>d</dt>
  <data>
    -2.1910335404262070e-09 -6.2989404501367523e-07
    1.6648579707506048e-04 5.9738646612821381e-07 5.0477652913527921e-07
    4.8148120479119851e-02 -3.1557077614364603e-04
    -4.8657611898561742e-02 1.</data></F>
<R1 type_id="opencv-matrix">
  <rows>3</rows>
  <cols>3</cols>
  <dt>d</dt>
  <data>
    9.9995865583234111e-01 -2.9346600577795485e-03
    -8.6066483791808063e-03 2.9032141111324078e-03
    9.9998907352702060e-01 -3.6639015264703961e-03
    8.6173066443352049e-03 3.6387631024874067e-03 9.9995624975759900e-01</data></R1>
<R2 type_id="opencv-matrix">
  <rows>3</rows>
  <cols>3</cols>
  <dt>d</dt>
  <data>
    9.9995849147784177e-01 6.4243040318630925e-04
    -9.0885975010579385e-03 -6.0923994334051163e-04
    9.9999313788658994e-01 3.6541765724949823e-03 9.0908826881999135e-03
    -3.6484877563991644e-03 9.9995202104353031e-01</data></R2>
<P1 type_id="opencv-matrix">
  <rows>3</rows>
  <cols>4</cols>
  <dt>d</dt>
  <data>
    7.0308939637567278e+02 0. 4.8597936248779297e+02 0. 0.
    7.0308939637567278e+02 3.0143716049194336e+02 0. 0. 0. 1. 0.</data></P1>
<P2 type_id="opencv-matrix">
  <rows>3</rows>
  <cols>4</cols>
  <dt>d</dt>
  <data>
    7.0308939637567278e+02 0. 4.8597936248779297e+02
    -7.0893544657670020e+04 0. 7.0308939637567278e+02
    3.0143716049194336e+02 0. 0. 0. 1. 0.</data></P2>
<H1 type_id="opencv-matrix">
  <rows>0</rows>
  <cols>0</cols>
  <dt>u</dt>
  <data></data></H1>
<H2 type_id="opencv-matrix">
  <rows>0</rows>
  <cols>0</cols>
  <dt>u</dt>
  <data></data></H2>
<Q type_id="opencv-matrix">
  <rows>4</rows>
  <cols>4</cols>
  <dt>d</dt>
  <data>
    1. 0. 0. -4.8597936248779297e+02 0. 1. 0. -3.0143716049194336e+02 0.
    0. 0. 7.0308939637567278e+02 0. 0. 9.9175376230761659e-03 0.</data></Q>
<rmsStereo>2.7183110092388346e-01</rmsStereo>
<avgErr>4.0214301452592566e-01</avgErr>
<nframes>60</nframes>
<num_Im>132</num_Im>
</opencv_storage>
