<?xml version="1.0"?>
<opencv_storage>
<M1 type_id="opencv-matrix">
  <rows>3</rows>
  <cols>3</cols>
  <dt>d</dt>
  <data>
    6.285777548513278e+02 0. 4.9502405765501703e+02 0.
    6.2857577548513278e+02 3.3989099433457143e+02 0. 0. 1.</data></M1>
<D1 type_id="opencv-matrix">
  <rows>1</rows>
  <cols>14</cols>
  <dt>d</dt>
  <data>
    -2.8552300687852827e-01 1.0813802811171064e-01
    1.3262301051679419e-03 -1.0596883711309273e-02
    -2.1870812102997763e-02 0. 0. 0. 0. 0. 0. 0. 4.9189703392781368e-03
    -4.4256796712274026e-02</data></D1>
<M2 type_id="opencv-matrix">
  <rows>3</rows>
  <cols>3</cols>
  <dt>d</dt>
  <data>
    6.4072448577223832e+02 0. 5.0083240893430360e+02 0.
    6.4072448577223832e+02 3.3586764611270070e+02 0. 0. 1.</data></M2>
<D2 type_id="opencv-matrix">
  <rows>1</rows>
  <cols>14</cols>
  <dt>d</dt>
  <data>
    -3.4363164473667102e-01 1.8900990465495934e-01
    1.8920199663854964e-03 -5.0395899961828269e-03
    -5.6824195707011416e-02 0. 0. 0. 0. 0. 0. 0. 4.9226351887128367e-04
    -2.3167442609277038e-02</data></D2>
<imageSize>
  960 600</imageSize>
<R type_id="opencv-matrix">
  <rows>3</rows>
  <cols>3</cols>
  <dt>d</dt>
  <data>
    9.9999107383515307e-01 -1.3840591559322411e-03
    3.9920709250188015e-03 1.3568232920829191e-03 9.9997584246783389e-01
    6.8171483260877569e-03 -4.0014098229950914e-03
    -6.8116709402832988e-03 9.9996879444232145e-01</data></R>
<T type_id="opencv-matrix">
  <rows>3</rows>
  <cols>1</cols>
  <dt>d</dt>
  <data>
    -9.8195164875449478e+01 -1.8967598632975405e-01
    1.6318640071107808e+00</data></T>
<E type_id="opencv-matrix">
  <rows>3</rows>
  <cols>3</cols>
  <dt>d</dt>
  <data>
    -1.4551797394735133e-03 -1.6305325748993862e+00
    -2.0079472636930051e-01 1.2389303435203995e+00
    -6.7113174737870440e-01 9.8198615157424570e+01
    5.6440806377700187e-02 -9.8193055245380975e+01
    -6.6865380387038043e-01</data></E>
<F type_id="opencv-matrix">
  <rows>3</rows>
  <cols>3</cols>
  <dt>d</dt>
  <data>
    -2.9133508981432433e-09 -3.2644170425665865e-06
    1.1444109186772352e-03 2.4804075614315351e-06
    -1.3436431431526136e-06 1.6374067149395852e-01
    -1.0122667567797306e-03 -1.6516243433635905e-01 1.</data></F>
<R1 type_id="opencv-matrix">
  <rows>3</rows>
  <cols>3</cols>
  <dt>d</dt>
  <data>
    9.9992025924814221e-01 6.6062447903098823e-04
    -1.2611055484214366e-02 -6.1760535199907238e-04
    9.9999397878940188e-01 3.4148131091666723e-03 1.2613235459524660e-02
    -3.4067521540404847e-03 9.9991464652289375e-01</data></R1>
<R2 type_id="opencv-matrix">
  <rows>3</rows>
  <cols>3</cols>
  <dt>d</dt>
  <data>
    9.9986007522378317e-01 1.9313521821607818e-03
    -1.6616252653321735e-02 -1.9880184852426141e-03
    9.9999226270883756e-01 -3.3944520856248731e-03
    1.6609568206094112e-02 3.4270105351066789e-03 9.9985617857909914e-01</data></R2>
<P1 type_id="opencv-matrix">
  <rows>3</rows>
  <cols>4</cols>
  <dt>d</dt>
  <data>
    8.4619513062868555e+02 0. 7.1785238647460938e+02 0. 0.
    8.4619513062868555e+02 4.8548147583007813e+02 0. 0. 0. 1. 0.</data></P1>
<P2 type_id="opencv-matrix">
  <rows>3</rows>
  <cols>4</cols>
  <dt>d</dt>
  <data>
    8.4619513062868555e+02 0. 7.1785238647460938e+02
    -8.3103898663309476e+04 0. 8.4619513062868555e+02
    4.8548147583007813e+02 0. 0. 0. 1. 0.</data></P2>
<H1 type_id="opencv-matrix">
  <rows>0</rows>
  <cols>0</cols>
  <dt>u</dt>
  <data></data></H1>
<H2 type_id="opencv-matrix">
  <rows>0</rows>
  <cols>0</cols>
  <dt>u</dt>
  <data></data></H2>
<Q type_id="opencv-matrix">
  <rows>4</rows>
  <cols>4</cols>
  <dt>d</dt>
  <data>
    1. 0. 0. -7.1785238647460938e+02 0. 1. 0. -4.8548147583007813e+02 0.
    0. 0. 8.4619513062868555e+02 0. 0. 1.0182375848057321e-02 0.</data></Q>
<rms>1.3834724841869439e-01</rms>
<avgErr>3.5963634144818339e+00</avgErr>
<nframes>25</nframes>
<num_Im>50</num_Im>
</opencv_storage>
